   .400000   2.1776254176426360E+01
   .409600   2.1171642177801964E+01
   .419200   2.0582778980861768E+01
   .428800   2.0009268941584711E+01
   .438400   1.9450726189092041E+01
   .448000   1.8906774386199523E+01
   .457600   1.8377046495812355E+01
   .467200   1.7861184553021094E+01
   .476800   1.7358839442759088E+01
   .486400   1.6869670682886568E+01
   .496000   1.6393346212568758E+01
   .505600   1.5929542185819416E+01
   .515200   1.5477942770083708E+01
   .524800   1.5038239949737985E+01
   .534400   1.4610133334386429E+01
   .544000   1.4193329971837825E+01
   .553600   1.3787544165648518E+01
   .563200   1.3392497297120265E+01
   .572800   1.3007917651644439E+01
   .582400   1.2633540249286796E+01
   .592000   1.2269106679509363E+01
   .601600   1.1914364939928813E+01
   .611200   1.1569069279012847E+01
   .620800   1.1232980042618761E+01
   .630400   1.0905863524280520E+01
   .640000   1.0587491819152934E+01
   .649600   1.0277642681524036E+01
   .659200   9.9760993858084923E+00
   .668800   9.6826505909373743E+00
   .678400   9.3970902080614636E+00
   .688000   9.1192172714873223E+00
   .697600   8.8488358127674207E+00
   .707200   8.5857547378674060E+00
   .716800   8.3297877073355160E+00
   .726400   8.0807530194009942E+00
   .736000   7.8384734959300655E+00
   .745600   7.6027763711699219E+00
   .755200   7.3734931832126405E+00
   .764800   7.1504596681128296E+00
   .774400   6.9335156565942695E+00
   .784000   6.7225049732824234E+00
   .793600   6.5172753384012667E+00
   .803200   6.3176782718743789E+00
   .812800   6.1235689997716092E+00
   .822400   5.9348063630442018E+00
   .832000   5.7512527284925277E+00
   .841600   5.5727739019120213E+00
   .851200   5.3992390433642026E+00
   .860800   5.2305205845209430E+00
   .870400   5.0664941480314383E+00
   .880000   4.9070384688625470E+00
   .889600   4.7520353175643679E+00
   .899200   4.6013694254141253E+00
   .908800   4.4549284113925083E+00
   .918400   4.3126027109477958E+00
   .928000   4.1742855065041633E+00
   .937600   4.0398726596715830E+00
   .947200   3.9092626451158705E+00
   .956800   3.7823564860483199E+00
   .966400   3.6590576912954380E+00
   .976000   3.5392721939102509E+00
   .985600   3.4229082912875008E+00
   .995200   3.3098765867461144E+00
  1.004800   3.2000899325430838E+00
  1.014400   3.0934633742838606E+00
  1.024000   2.9899140966951556E+00
  1.033600   2.8893613707269297E+00
  1.043200   2.7917265019510848E+00
  1.052800   2.6969327802252536E+00
  1.062400   2.6049054305907822E+00
  1.072000   2.5155715653747723E+00
  1.081600   2.4288601374668137E+00
  1.091200   2.3447018947416964E+00
  1.100800   2.2630293356001645E+00
  1.110400   2.1837766656003548E+00
  1.120000   2.1068797551533605E+00
  1.129600   2.0322760982568724E+00
  1.139200   1.9599047722415768E+00
  1.148800   1.8897063985055713E+00
  1.158400   1.8216231042126760E+00
  1.168000   1.7555984849310755E+00
  1.177600   1.6915775681893377E+00
  1.187200   1.6295067779274079E+00
  1.196800   1.5693338998206889E+00
  1.206400   1.5110080474558987E+00
  1.216000   1.4544796293378868E+00
  1.225600   1.3997003167071029E+00
  1.235200   1.3466230121479090E+00
  1.244800   1.2952018189684078E+00
  1.254400   1.2453920113329480E+00
  1.264000   1.1971500051288728E+00
  1.273600   1.1504333295496116E+00
  1.283200   1.1052005993765599E+00
  1.292800   1.0614114879426997E+00
  1.302400   1.0190267007612719E+00
  1.312000   9.7800794980324190E-01
  1.321600   9.3831792840770945E-01
  1.331200   8.9992028680976344E-01
  1.340800   8.6277960827069722E-01
  1.350400   8.2686138579584745E-01
  1.360000   7.9213199942567836E-01
  1.369600   7.5855869408609988E-01
  1.379200   7.2610955798432719E-01
  1.388800   6.9475350153694282E-01
  1.398400   6.6446023681713640E-01
  1.408000   6.3520025750841702E-01
  1.417600   6.0694481935240852E-01
  1.427200   5.7966592107862791E-01
  1.436800   5.5333628580445948E-01
  1.446400   5.2792934289380666E-01
  1.456000   5.0341921026319680E-01
  1.465600   4.7978067712438677E-01
  1.475200   4.5698918715277426E-01
  1.484800   4.3502082207119519E-01
  1.494400   4.1385228563893472E-01
  1.504000   3.9346088803601731E-01
  1.513600   3.7382453063311039E-01
  1.523200   3.5492169113757827E-01
  1.532800   3.3673140910648630E-01
  1.542400   3.1923327181755123E-01
  1.552000   3.0240740048927839E-01
  1.561600   2.8623443684171762E-01
  1.571200   2.7069552998950019E-01
  1.580800   2.5577232365900238E-01
  1.590400   2.4144694372169762E-01
  1.600000   2.2770198603593927E-01
  1.609600   2.1452050458961761E-01
  1.619200   2.0188599993630735E-01
  1.628800   1.8978240791771023E-01
  1.638400   1.7819408866537167E-01
  1.648000   1.6710581587481799E-01
  1.657600   1.5650276634543375E-01
  1.667200   1.4637050977955568E-01
  1.676800   1.3669499883442626E-01
  1.686400   1.2746255942079626E-01
  1.696000   1.1865988124212651E-01
  1.705600   1.1027400856848080E-01
  1.715200   1.0229233123934722E-01
  1.724800   9.4702575889768215E-02
  1.734400   8.7492797394293831E-02
  1.744000   8.0651370523409871E-02
  1.753600   7.4166981807220034E-02
  1.763200   6.8028621601292305E-02
  1.772800   6.2225576349698719E-02
  1.782400   5.6747421040408141E-02
  1.792000   5.1584011848298195E-02
  1.801600   4.6725478961179567E-02
  1.811200   4.2162219584330585E-02
  1.820800   3.7884891119153941E-02
  1.830400   3.3884404511672184E-02
  1.840000   3.0151917766687242E-02
  1.849600   2.6678829623525968E-02
  1.859200   2.3456773389398000E-02
  1.868800   2.0477610926488310E-02
  1.878400   1.7733426788996420E-02
  1.888000   1.5216522506439456E-02
  1.897600   1.2919411009608583E-02
  1.907200   1.0834811195675587E-02
  1.916800   8.9556426290152702E-03
  1.926400   7.2750203744064157E-03
  1.936000   5.7862499593467343E-03
  1.945600   4.4828224623022495E-03
  1.955200   3.3584097237860933E-03
  1.964800   2.4068596772421902E-03
  1.974400   1.6221917967776389E-03
  1.984000   9.9859265886315107E-04
  1.993600   5.3041161519201685E-04
  2.003200   2.1215657395506904E-04
  2.012800   3.8489886857950850E-05
  2.022400   4.2243392696095228E-06
  2.032000   1.0431924095910539E-04
  2.041600   3.3387661493528009E-04
  2.051200   6.8813748197021907E-04
  2.060800   1.1624782384403454E-03
  2.070400   1.7524071251835971E-03
  2.080000   2.4535607851211005E-03
  2.089600   3.2617009074523695E-03
  2.099200   4.1727109562835207E-03
  2.108800   5.1825929816006755E-03
  2.118400   6.2874645105540639E-03
  2.128000   7.4835555170653101E-03
  2.137600   8.7672054678215039E-03
  2.147200   1.0134860442765070E-02
  2.156800   1.1583070328237244E-02
  2.166400   1.3108486080975035E-02
  2.176000   1.4707857061209861E-02
  2.185600   1.6378028433153780E-02
  2.195200   1.8115938631205919E-02
  2.204800   1.9918616890250929E-02
  2.214400   2.1783180838459482E-02
  2.224000   2.3706834151043243E-02
  2.233600   2.5686864263451847E-02
  2.243200   2.7720640142538722E-02
  2.252800   2.9805610114255587E-02
  2.262400   3.1939299746475580E-02
  2.272000   3.4119309785574925E-02
  2.281600   3.6343314145438732E-02
  2.291200   3.8609057947589565E-02
  2.300800   4.0914355611168296E-02
  2.310400   4.3257088991528470E-02
  2.320000   4.5635205566236514E-02
  2.329600   4.8046716667298650E-02
  2.339200   5.0489695758464403E-02
  2.348800   5.2962276756487181E-02
  2.358400   5.5462652395245504E-02
  2.368000   5.7989072631659977E-02
  2.377600   6.0539843092364876E-02
  2.387200   6.3113323560118562E-02
  2.396800   6.5707926498963232E-02
  2.406400   6.8322115617168500E-02
  2.416000   7.0954404467016119E-02
  2.425600   7.3603355080507138E-02
  2.435200   7.6267576640096701E-02
  2.444800   7.8945724183579424E-02
  2.454400   8.1636497342276348E-02
  2.464000   8.4338639111689095E-02
  2.473600   8.7050934653811085E-02
  2.483200   8.9772210130305174E-02
  2.492800   9.2501331565775058E-02
  2.502400   9.5237203740378973E-02
  2.512000   9.7978769111050190E-02
  2.521600   1.0072500676061003E-01
  2.531200   1.0347493137407321E-01
  2.540800   1.0622759224146627E-01
  2.550400   1.0898207228649359E-01
  2.560000   1.1173748712040277E-01
  2.569600   1.1449298412041925E-01
  2.579200   1.1724774153213147E-01
  2.588800   1.2000096759522755E-01
  2.598400   1.2275189969199596E-01
  2.608000   1.2549980351801848E-01
  2.617600   1.2824397227449852E-01
  2.627200   1.3098372588167989E-01
  2.636800   1.3371841021282688E-01
  2.646400   1.3644739634824649E-01
  2.656000   1.3917007984885016E-01
  2.665600   1.4188588004876179E-01
  2.675200   1.4459423936649185E-01
  2.684800   1.4729462263421117E-01
  2.694400   1.4998651644466565E-01
  2.704000   1.5266942851528914E-01
  2.713600   1.5534288706907823E-01
  2.723200   1.5800644023180660E-01
  2.732800   1.6065965544516675E-01
  2.742400   1.6330211889543439E-01
  2.752000   1.6593343495726487E-01
  2.761600   1.6855322565223740E-01
  2.771200   1.7116113012177397E-01
  2.780800   1.7375680411406891E-01
  2.790400   1.7633991948467376E-01
  2.800000   1.7891016371039103E-01
  2.809600   1.8146723941613890E-01
  2.819200   1.8401086391445809E-01
  2.828800   1.8654076875733933E-01
  2.838400   1.8905669930005736E-01
  2.848000   1.9155841427670794E-01
  2.857600   1.9404568538714817E-01
  2.867200   1.9651829689505018E-01
  2.876800   1.9897604523678614E-01
  2.886400   2.0141873864086587E-01
  2.896000   2.0384619675766077E-01
  2.905600   2.0625825029914904E-01
  2.915200   2.0865474068842696E-01
  2.924800   2.1103551971873707E-01
  2.934400   2.1340044922176915E-01
  2.944000   2.1574940074499585E-01
  2.953600   2.1808225523781377E-01
  2.963200   2.2039890274626137E-01
  2.972800   2.2269924211609590E-01
  2.982400   2.2498318070401360E-01
  2.992000   2.2725063409680427E-01
  3.001600   2.2950152583823588E-01
  3.011200   2.3173578716347068E-01
  3.020800   2.3395335674081871E-01
  3.030400   2.3615418042063954E-01
  3.040000   2.3833821099120764E-01
  3.049600   2.4050540794136221E-01
  3.059200   2.4265573722976549E-01
  3.068800   2.4478917106059914E-01
  3.078400   2.4690568766553192E-01
  3.088000   2.4900527109179615E-01
  3.097600   2.5108791099621491E-01
  3.107200   2.5315360244502472E-01
  3.116800   2.5520234571934464E-01
  3.126400   2.5723414612614354E-01
  3.136000   2.5924901381456344E-01
  3.145600   2.6124696359745880E-01
  3.155200   2.6322801477801672E-01
  3.164800   2.6519219098132418E-01
  3.174400   2.6713951999075403E-01
  3.184000   2.6907003358904436E-01
  3.193600   2.7098376740394586E-01
  3.203200   2.7288076075832124E-01
  3.212800   2.7476105652457644E-01
  3.222400   2.7662470098331216E-01
  3.232000   2.7847174368608429E-01
  3.241600   2.8030223732216414E-01
  3.251200   2.8211623758919485E-01
  3.260800   2.8391380306763980E-01
  3.270400   2.8569499509892349E-01
  3.280000   2.8745987766716785E-01
  3.289600   2.8920851728442709E-01
  3.299200   2.9094098287933146E-01
  3.308800   2.9265734568904578E-01
  3.318400   2.9435767915445771E-01
  3.328000   2.9604205881850887E-01
  3.337600   2.9771056222758441E-01
  3.347200   2.9936326883588082E-01
  3.356800   3.0100025991267154E-01
  3.366400   3.0262161845239316E-01
  3.376000   3.0422742908747713E-01
  3.385600   3.0581777800385285E-01
  3.395200   3.0739275285905088E-01
  3.404800   3.0895244270283584E-01
  3.414400   3.1049693790030181E-01
  3.424000   3.1202633005736291E-01
  3.433600   3.1354071194857525E-01
  3.443200   3.1504017744722623E-01
  3.452800   3.1652482145763128E-01
  3.462400   3.1799473984957627E-01
  3.472000   3.1945002939484934E-01
  3.481600   3.2089078770580381E-01
  3.491200   3.2231711317589706E-01
  3.500800   3.2372910492215279E-01
  3.510400   3.2512686272949154E-01
  3.520000   3.2651048699688140E-01
  3.529600   3.2788007868525587E-01
  3.539200   3.2923573926715305E-01
  3.548800   3.3057757067802668E-01
  3.558400   3.3190567526918402E-01
  3.568000   3.3322015576230568E-01
  3.577600   3.3452111520550259E-01
  3.587200   3.3580865693086870E-01
  3.596800   3.3708288451348722E-01
  3.606400   3.3834390173184953E-01
  3.616000   3.3959181252964821E-01
  3.625600   3.4082672097890548E-01
  3.635200   3.4204873124439872E-01
  3.644800   3.4325794754934819E-01
  3.654400   3.4445447414232999E-01
  3.664000   3.4563841526538097E-01
  3.673600   3.4680987512326039E-01
  3.683200   3.4796895785383714E-01
  3.692800   3.4911576749956952E-01
  3.702400   3.5025040798004653E-01
  3.712000   3.5137298306556070E-01
  3.721600   3.5248359635168325E-01
  3.731200   3.5358235123481152E-01
  3.740800   3.5466935088866225E-01
  3.750400   3.5574469824168242E-01
  3.760000   3.5680849595535180E-01
  3.769600   3.5786084640335014E-01
  3.779200   3.5890185165156602E-01
  3.788800   3.5993161343892022E-01
  3.798400   3.6095023315898161E-01
  3.808000   3.6195781184235198E-01
  3.817600   3.6295445013979682E-01
  3.827200   3.6394024830609967E-01
  3.836800   3.6491530618461987E-01
  3.846400   3.6587972319253181E-01
  3.856000   3.6683359830672541E-01
  3.865600   3.6777703005034851E-01
  3.875200   3.6871011647997187E-01
  3.884800   3.6963295517335726E-01
  3.894400   3.7054564321781192E-01
  3.904000   3.7144827719910956E-01
  3.913600   3.7234095319096311E-01
  3.923200   3.7322376674502983E-01
  3.932800   3.7409681288143437E-01
  3.942400   3.7496018607979337E-01
  3.952000   3.7581398027072505E-01
  3.961600   3.7665828882783026E-01
  3.971200   3.7749320456012936E-01
  3.980800   3.7831881970494075E-01
  3.990400   3.7913522592118754E-01
  4.000000   3.7994251428311870E-01
  4.009600   3.8074077527443095E-01
  4.019200   3.8153009878277938E-01
  4.028800   3.8231057409466451E-01
  4.038400   3.8308228989068244E-01
  4.048000   3.8384533424112777E-01
  4.057600   3.8459979460193661E-01
  4.067200   3.8534575781095992E-01
  4.076800   3.8608331008455482E-01
  4.086400   3.8681253701448437E-01
  4.096000   3.8753352356511533E-01
  4.105600   3.8824635407090369E-01
  4.115200   3.8895111223415862E-01
  4.124800   3.8964788112307536E-01
  4.134400   3.9033674317002764E-01
  4.144000   3.9101778017011085E-01
  4.153600   3.9169107327992736E-01
  4.163200   3.9235670301660625E-01
  4.172800   3.9301474925704721E-01
  4.182400   3.9366529123738342E-01
  4.192000   3.9430840755265356E-01
  4.201600   3.9494417615667637E-01
  4.211200   3.9557267436212024E-01
  4.220800   3.9619397884076091E-01
  4.230400   3.9680816562392029E-01
  4.240000   3.9741531010307951E-01
  4.249600   3.9801548703065970E-01
  4.259200   3.9860877052096533E-01
  4.268800   3.9919523405128171E-01
  4.278400   3.9977495046312267E-01
  4.288000   4.0034799196362214E-01
  4.297600   4.0091443012706340E-01
  4.307200   4.0147433589654113E-01
  4.316800   4.0202777958575059E-01
  4.326400   4.0257483088089963E-01
  4.336000   4.0311555884273698E-01
  4.345600   4.0365003190869359E-01
  4.355200   4.0417831789513142E-01
  4.364800   4.0470048399969505E-01
  4.374400   4.0521659680376215E-01
  4.384000   4.0572672227498841E-01
  4.393600   4.0623092576994224E-01
  4.403200   4.0672927203682613E-01
  4.412800   4.0722182521827954E-01
  4.422400   4.0770864885426067E-01
  4.432000   4.0818980588500270E-01
  4.441600   4.0866535865404113E-01
  4.451200   4.0913536891130881E-01
  4.460800   4.0959989781629508E-01
  4.470400   4.1005900594126593E-01
  4.480000   4.1051275327454223E-01
  4.489600   4.1096119922383229E-01
  4.499200   4.1140440261961642E-01
  4.508800   4.1184242171858043E-01
  4.518400   4.1227531420709501E-01
  4.528000   4.1270313720473878E-01
  4.537600   4.1312594726786178E-01
  4.547200   4.1354380039318778E-01
  4.556800   4.1395675202145144E-01
  4.566400   4.1436485704106973E-01
  4.576000   4.1476816979184428E-01
  4.585600   4.1516674406869208E-01
  4.595200   4.1556063312540370E-01
  4.604800   4.1594988967842528E-01
  4.614400   4.1633456591066409E-01
  4.624000   4.1671471347531391E-01
  4.633600   4.1709038349969957E-01
  4.643200   4.1746162658913871E-01
  4.652800   4.1782849283081819E-01
  4.662400   4.1819103179768424E-01
  4.672000   4.1854929255234474E-01
  4.681600   4.1890332365098137E-01
  4.691200   4.1925317314727045E-01
  4.700800   4.1959888859631161E-01
  4.710400   4.1994051705856150E-01
  4.720000   4.2027810510377250E-01
  4.729600   4.2061169881493432E-01
  4.739200   4.2094134379221737E-01
  4.748800   4.2126708515691702E-01
  4.758400   4.2158896755539665E-01
  4.768000   4.2190703516302974E-01
  4.777600   4.2222133168813830E-01
  4.787200   4.2253190037592803E-01
  4.796800   4.2283878401241815E-01
  4.806400   4.2314202492836511E-01
  4.816000   4.2344166500318020E-01
  4.825600   4.2373774566883821E-01
  4.835200   4.2403030791377838E-01
  4.844800   4.2431939228679538E-01
  4.854400   4.2460503890091983E-01
  4.864000   4.2488728743728804E-01
  4.873600   4.2516617714899968E-01
  4.883200   4.2544174686496272E-01
  4.892800   4.2571403499372545E-01
  4.902400   4.2598307952729442E-01
  4.912000   4.2624891804493764E-01
  4.921600   4.2651158771697267E-01
  4.931200   4.2677112530853939E-01
  4.940800   4.2702756718335594E-01
  4.950400   4.2728094930745797E-01
  4.960000   4.2753130725292093E-01
  4.969600   4.2777867620156401E-01
  4.979200   4.2802309094863633E-01
  4.988800   4.2826458590648403E-01
  4.998400   4.2850319510819868E-01
  5.008000   4.2873895221124586E-01
  5.017600   4.2897189050107393E-01
  5.027200   4.2920204289470265E-01
  5.036800   4.2942944194429156E-01
  5.046400   4.2965411984068669E-01
  5.056000   4.2987610841694696E-01
  5.065600   4.3009543915184872E-01
  5.075200   4.3031214317336847E-01
  5.084800   4.3052625126214400E-01
  5.094400   4.3073779385491312E-01
  5.104000   4.3094680104792976E-01
  5.113600   4.3115330260035800E-01
  5.123200   4.3135732793764275E-01
  5.132800   4.3155890615485804E-01
  5.142400   4.3175806602003131E-01
  5.152000   4.3195483597744549E-01
  5.161600   4.3214924415091666E-01
  5.171200   4.3234131834704892E-01
  5.180800   4.3253108605846513E-01
  5.190400   4.3271857446701401E-01
  5.200000   4.3290381044695347E-01
  5.209600   4.3308682056810993E-01
  5.219200   4.3326763109901356E-01
  5.228800   4.3344626801000974E-01
  5.238400   4.3362275697634578E-01
  5.248000   4.3379712338123433E-01
  5.257600   4.3396939231889176E-01
  5.267200   4.3413958859755281E-01
  5.276800   4.3430773674246104E-01
  5.286400   4.3447386099883450E-01
  5.296000   4.3463798533480774E-01
  5.305600   4.3480013344434926E-01
  5.315200   4.3496032875015456E-01
  5.324800   4.3511859440651562E-01
  5.334400   4.3527495330216537E-01
  5.344000   4.3542942806309837E-01
  5.353600   4.3558204105536757E-01
  5.363200   4.3573281438785660E-01
  5.372800   4.3588176991502831E-01
  5.382400   4.3602892923964892E-01
  5.392000   4.3617431371548893E-01
  5.401600   4.3631794444999950E-01
  5.411200   4.3645984230696544E-01
  5.420800   4.3660002790913421E-01
  5.430400   4.3673852164082172E-01
  5.440000   4.3687534365049380E-01
  5.449600   4.3701051385332518E-01
  5.459200   4.3714405193373429E-01
  5.468800   4.3727597734789525E-01
  5.478400   4.3740630932622626E-01
  5.488000   4.3753506687585542E-01
  5.497600   4.3766226878306314E-01
  5.507200   4.3778793361570179E-01
  5.516800   4.3791207972559265E-01
  5.526400   4.3803472525090031E-01
  5.536000   4.3815588811848399E-01
  5.545600   4.3827558604622741E-01
  5.555200   4.3839383654534519E-01
  5.564800   4.3851065692266822E-01
  5.574400   4.3862606428290601E-01
  5.584000   4.3874007553088773E-01
  5.593600   4.3885270737378113E-01
  5.603200   4.3896397632328998E-01
  5.612800   4.3907389869783015E-01
  5.622400   4.3918249062468340E-01
  5.632000   4.3928976804213132E-01
  5.641600   4.3939574670156673E-01
  5.651200   4.3950044216958517E-01
  5.660800   4.3960386983005478E-01
  5.670400   4.3970604488616599E-01
  5.680000   4.3980698236246030E-01
  5.689600   4.3990669710683883E-01
  5.699200   4.4000520379255059E-01
  5.708800   4.4010251692016022E-01
  5.718400   4.4019865081949655E-01
  5.728000   4.4029361965158026E-01
  5.737600   4.4038743741053282E-01
  5.747200   4.4048011792546526E-01
  5.756800   4.4057167486234761E-01
  5.766400   4.4066212172585939E-01
  5.776000   4.4075147186122060E-01
  5.785600   4.4083973845600405E-01
  5.795200   4.4092693454192855E-01
  5.804800   4.4101307299663389E-01
  5.814400   4.4109816654543677E-01
  5.824000   4.4118222776306881E-01
  5.833600   4.4126526907539598E-01
  5.843200   4.4134730276112027E-01
  5.852800   4.4142834095346334E-01
  5.862400   4.4150839564183214E-01
  5.872000   4.4158747867346737E-01
  5.881600   4.4166560175507402E-01
  5.891200   4.4174277645443483E-01
  5.900800   4.4181901420200664E-01
  5.910400   4.4189432629249947E-01
  5.920000   4.4196872388643887E-01
  5.929600   4.4204221801171140E-01
  5.939200   4.4211481956509391E-01
  5.948800   4.4218653931376578E-01
  5.958400   4.4225738789680530E-01
  5.968000   4.4232737582666992E-01
  5.977600   4.4239651349066017E-01
  5.987200   4.4246481115236785E-01
  5.996800   4.4253227895310882E-01
  6.006400   4.4259892691333980E-01
  6.016000   4.4266476493405993E-01
  6.025600   4.4272980279819696E-01
  6.035200   4.4279405017197843E-01
  6.044800   4.4285751660628780E-01
  6.054400   4.4292021153800559E-01
  6.064000   4.4298214429133609E-01
  6.073600   4.4304332407911895E-01
  6.083200   4.4310376000412710E-01
  6.092800   4.4316346106034954E-01
  6.102400   4.4322243613426077E-01
  6.112000   4.4328069400607539E-01
  6.121600   4.4333824335098937E-01
  6.131200   4.4339509274040739E-01
  6.140800   4.4345125064315660E-01
  6.150400   4.4350672542668662E-01
  6.160000   4.4356152535825649E-01
  6.169600   4.4361565860610841E-01
  6.179200   4.4366913324062796E-01
  6.188800   4.4372195723549196E-01
  6.198400   4.4377413846880293E-01
  6.208000   4.4382568472421108E-01
  6.217600   4.4387660369202392E-01
  6.227200   4.4392690297030296E-01
  6.236800   4.4397659006594847E-01
  6.246400   4.4402567239577168E-01
  6.256000   4.4407415728755534E-01
  6.265600   4.4412205198110183E-01
  6.275200   4.4416936362926984E-01
  6.284800   4.4421609929899902E-01
  6.294400   4.4426226597232316E-01
  6.304000   4.4430787054737203E-01
  6.313600   4.4435291983936154E-01
  6.323200   4.4439742058157300E-01
  6.332800   4.4444137942632089E-01
  6.342400   4.4448480294590992E-01
  6.352000   4.4452769763358113E-01
  6.361600   4.4457006990444714E-01
  6.371200   4.4461192609641648E-01
  6.380800   4.4465327247110809E-01
  6.390400   4.4469411521475449E-01
  6.400000   4.4473446043909531E-01
  6.409600   4.4477431418226010E-01
  6.419200   4.4481368240964131E-01
  6.428800   4.4485257101475734E-01
  6.438400   4.4489098582010511E-01
  6.448000   4.4492893257800359E-01
  6.457600   4.4496641697142725E-01
  6.467200   4.4500344461482960E-01
  6.476800   4.4504002105495816E-01
  6.486400   4.4507615177165877E-01
  6.496000   4.4511184217867195E-01
  6.505600   4.4514709762441890E-01
  6.515200   4.4518192339277940E-01
  6.524800   4.4521632470385986E-01
  6.534400   4.4525030671475313E-01
  6.544000   4.4528387452028906E-01
  6.553600   4.4531703315377674E-01
  6.563200   4.4534978758773791E-01
  6.572800   4.4538214273463173E-01
  6.582400   4.4541410344757149E-01
  6.592000   4.4544567452103279E-01
  6.601600   4.4547686069155340E-01
  6.611200   4.4550766663842495E-01
  6.620800   4.4553809698437713E-01
  6.630400   4.4556815629625296E-01
  6.640000   4.4559784908567707E-01
  6.649600   4.4562717980971550E-01
  6.659200   4.4565615287152838E-01
  6.668800   4.4568477262101475E-01
  6.678400   4.4571304335544937E-01
  6.688000   4.4574096932011309E-01
  6.697600   4.4576855470891497E-01
  6.707200   4.4579580366500732E-01
  6.716800   4.4582272028139391E-01
  6.726400   4.4584930860153071E-01
  6.736000   4.4587557261991945E-01
  6.745600   4.4590151628269464E-01
  6.755200   4.4592714348820350E-01
  6.764800   4.4595245808757877E-01
  6.774400   4.4597746388530540E-01
  6.784000   4.4600216463978010E-01
  6.793600   4.4602656406386437E-01
  6.803200   4.4605066582543135E-01
  6.812800   4.4607447354790575E-01
  6.822400   4.4609799081079771E-01
  6.832000   4.4612122115023045E-01
  6.841600   4.4614416805946144E-01
  6.851200   4.4616683498939752E-01
  6.860800   4.4618922534910399E-01
  6.870400   4.4621134250630773E-01
  6.880000   4.4623318978789422E-01
  6.889600   4.4625477048039885E-01
  6.899200   4.4627608783049211E-01
  6.908800   4.4629714504545964E-01
  6.918400   4.4631794529367597E-01
  6.928000   4.4633849170507295E-01
  6.937600   4.4635878737160262E-01
  6.947200   4.4637883534769457E-01
  6.956800   4.4639863865070789E-01
  6.966400   4.4641820026137768E-01
  6.976000   4.4643752312425639E-01
  6.985600   4.4645661014814991E-01
  6.995200   4.4647546420654821E-01
  7.004800   4.4649408813805130E-01
  7.014400   4.4651248474678995E-01
  7.024000   4.4653065680284121E-01
  7.033600   4.4654860704263916E-01
  7.043200   4.4656633816938096E-01
  7.052800   4.4658385285342761E-01
  7.062400   4.4660115373270048E-01
  7.072000   4.4661824341307266E-01
  7.081600   4.4663512446875592E-01
  7.091200   4.4665179944268285E-01
  7.100800   4.4666827084688482E-01
  7.110400   4.4668454116286493E-01
  7.120000   4.4670061284196683E-01
  7.129600   4.4671648830573923E-01
  7.139200   4.4673216994629572E-01
  7.148800   4.4674766012667050E-01
  7.158400   4.4676296118116993E-01
  7.168000   4.4677807541571979E-01
  7.177600   4.4679300510820830E-01
  7.187200   4.4680775250882526E-01
  7.196800   4.4682231984039689E-01
  7.206400   4.4683670929871677E-01
  7.216000   4.4685092305287305E-01
  7.225600   4.4686496324557123E-01
  7.235200   4.4687883199345374E-01
  7.244800   4.4689253138741492E-01
  7.254400   4.4690606349291295E-01
  7.264000   4.4691943035027759E-01
  7.273600   4.4693263397501448E-01
  7.283200   4.4694567635810561E-01
  7.292800   4.4695855946630625E-01
  7.302400   4.4697128524243845E-01
  7.312000   4.4698385560568077E-01
  7.321600   4.4699627245185480E-01
  7.331200   4.4700853765370807E-01
  7.340800   4.4702065306119348E-01
  7.350400   4.4703262050174580E-01
  7.360000   4.4704444178055425E-01
  7.369600   4.4705611868083234E-01
  7.379200   4.4706765296408402E-01
  7.388800   4.4707904637036705E-01
  7.398400   4.4709030061855298E-01
  7.408000   4.4710141740658388E-01
  7.417600   4.4711239841172640E-01
  7.427200   4.4712324529082215E-01
  7.436800   4.4713395968053582E-01
  7.446400   4.4714454319759961E-01
  7.456000   4.4715499743905518E-01
  7.465600   4.4716532398249259E-01
  7.475200   4.4717552438628616E-01
  7.484800   4.4718560018982778E-01
  7.494400   4.4719555291375723E-01
  7.504000   4.4720538406018967E-01
  7.513600   4.4721509511294072E-01
  7.523200   4.4722468753774836E-01
  7.532800   4.4723416278249256E-01
  7.542400   4.4724352227741204E-01
  7.552000   4.4725276743531833E-01
  7.561600   4.4726189965180774E-01
  7.571200   4.4727092030547011E-01
  7.580800   4.4727983075809541E-01
  7.590400   4.4728863235487787E-01
  7.600000   4.4729732642461772E-01
  7.609600   4.4730591427991995E-01
  7.619200   4.4731439721739141E-01
  7.628800   4.4732277651783509E-01
  7.638400   4.4733105344644208E-01
  7.648000   4.4733922925298147E-01
  7.657600   4.4734730517198751E-01
  7.667200   4.4735528242294492E-01
  7.676800   4.4736316221047195E-01
  7.686400   4.4737094572450081E-01
  7.696000   4.4737863414045642E-01
  7.705600   4.4738622861943261E-01
  7.715200   4.4739373030836654E-01
  7.724800   4.4740114034021067E-01
  7.734400   4.4740845983410293E-01
  7.744000   4.4741568989553454E-01
  7.753600   4.4742283161651636E-01
  7.763200   4.4742988607574230E-01
  7.772800   4.4743685433875169E-01
  7.782400   4.4744373745808919E-01
  7.792000   4.4745053647346289E-01
  7.801600   4.4745725241190032E-01
  7.811200   4.4746388628790296E-01
  7.820800   4.4747043910359835E-01
  7.830400   4.4747691184889099E-01
  7.840000   4.4748330550161081E-01
  7.849600   4.4748962102766021E-01
  7.859200   4.4749585938115921E-01
  7.868800   4.4750202150458890E-01
  7.878400   4.4750810832893290E-01
  7.888000   4.4751412077381758E-01
  7.897600   4.4752005974765013E-01
  7.907200   4.4752592614775510E-01
  7.916800   4.4753172086050946E-01
  7.926400   4.4753744476147578E-01
  7.936000   4.4754309871553405E-01
  7.945600   4.4754868357701139E-01
  7.955200   4.4755420018981090E-01
  7.964800   4.4755964938753862E-01
  7.974400   4.4756503199362846E-01
  7.984000   4.4757034882146668E-01
  7.993600   4.4757560067451385E-01
  8.003200   4.4758078834642578E-01
  8.012800   4.4758591262117320E-01
  8.022400   4.4759097427315936E-01
  8.032000   4.4759597406733692E-01
  8.041600   4.4760091275932279E-01
  8.051200   4.4760579109551213E-01
  8.060800   4.4761060981319034E-01
  8.070400   4.4761536964064447E-01
  8.080000   4.4762007129727244E-01
  8.089600   4.4762471549369170E-01
  8.099200   4.4762930293184605E-01
  8.108800   4.4763383430511122E-01
  8.118400   4.4763831029839957E-01
  8.128000   4.4764273158826290E-01
  8.137600   4.4764709884299464E-01
  8.147200   4.4765141272273029E-01
  8.156800   4.4765567387954691E-01
  8.166400   4.4765988295756132E-01
  8.176000   4.4766404059302722E-01
  8.185600   4.4766814741443095E-01
  8.195200   4.4767220404258612E-01
  8.204800   4.4767621109072719E-01
  8.214400   4.4768016916460202E-01
  8.224000   4.4768407886256290E-01
  8.233600   4.4768794077565671E-01
  8.243200   4.4769175548771434E-01
  8.252800   4.4769552357543818E-01
  8.262400   4.4769924560848934E-01
  8.272000   4.4770292214957352E-01
  8.281600   4.4770655375452567E-01
  8.291200   4.4771014097239376E-01
  8.300800   4.4771368434552178E-01
  8.310400   4.4771718440963115E-01
  8.320000   4.4772064169390191E-01
  8.329600   4.4772405672105198E-01
  8.339200   4.4772743000741644E-01
  8.348800   4.4773076206302509E-01
  8.358400   4.4773405339167949E-01
  8.368000   4.4773730449102878E-01
  8.377600   4.4774051585264490E-01
  8.387200   4.4774368796209668E-01
  8.396800   4.4774682129902288E-01
  8.406400   4.4774991633720485E-01
  8.416000   4.4775297354463767E-01
  8.425600   4.4775599338360089E-01
  8.435200   4.4775897631072831E-01
  8.444800   4.4776192277707672E-01
  8.454400   4.4776483322819399E-01
  8.464000   4.4776770810418631E-01
  8.473600   4.4777054783978465E-01
  8.483200   4.4777335286441011E-01
  8.492800   4.4777612360223895E-01
  8.502400   4.4777886047226656E-01
  8.512000   4.4778156388837037E-01
  8.521600   4.4778423425937280E-01
  8.531200   4.4778687198910261E-01
  8.540800   4.4778947747645576E-01
  8.550400   4.4779205111545600E-01
  8.560000   4.4779459329531385E-01
  8.569600   4.4779710440048576E-01
  8.579200   4.4779958481073179E-01
  8.588800   4.4780203490117321E-01
  8.598400   4.4780445504234889E-01
  8.608000   4.4780684560027140E-01
  8.617600   4.4780920693648202E-01
  8.627200   4.4781153940810564E-01
  8.636800   4.4781384336790436E-01
  8.646400   4.4781611916433095E-01
  8.656000   4.4781836714158135E-01
  8.665600   4.4782058763964661E-01
  8.675200   4.4782278099436434E-01
  8.684800   4.4782494753746926E-01
  8.694400   4.4782708759664341E-01
  8.704000   4.4782920149556543E-01
  8.713600   4.4783128955395979E-01
  8.723200   4.4783335208764463E-01
  8.732800   4.4783538940857981E-01
  8.742400   4.4783740182491366E-01
  8.752000   4.4783938964102998E-01
  8.761600   4.4784135315759355E-01
  8.771200   4.4784329267159573E-01
  8.780800   4.4784520847639936E-01
  8.790400   4.4784710086178298E-01
  8.800000   4.4784897011398450E-01
  8.809600   4.4785081651574471E-01
  8.819200   4.4785264034634970E-01
  8.828800   4.4785444188167323E-01
  8.838400   4.4785622139421821E-01
  8.848000   4.4785797915315811E-01
  8.857600   4.4785971542437730E-01
  8.867200   4.4786143047051147E-01
  8.876800   4.4786312455098731E-01
  8.886400   4.4786479792206146E-01
  8.896000   4.4786645083685939E-01
  8.905600   4.4786808354541369E-01
  8.915200   4.4786969629470164E-01
  8.924800   4.4787128932868270E-01
  8.934400   4.4787286288833533E-01
  8.944000   4.4787441721169335E-01
  8.953600   4.4787595253388190E-01
  8.963200   4.4787746908715298E-01
  8.972800   4.4787896710092057E-01
  8.982400   4.4788044680179523E-01
  8.992000   4.4788190841361841E-01
  9.001600   4.4788335215749625E-01
  9.011200   4.4788477825183287E-01
  9.020800   4.4788618691236354E-01
  9.030400   4.4788757835218723E-01
  9.040000   4.4788895278179874E-01
  9.049600   4.4789031040912058E-01
  9.059200   4.4789165143953441E-01
  9.068800   4.4789297607591194E-01
  9.078400   4.4789428451864571E-01
  9.088000   4.4789557696567933E-01
  9.097600   4.4789685361253750E-01
  9.107200   4.4789811465235529E-01
  9.116800   4.4789936027590765E-01
  9.126400   4.4790059067163801E-01
  9.136000   4.4790180602568691E-01
  9.145600   4.4790300652191994E-01
  9.155200   4.4790419234195572E-01
  9.164800   4.4790536366519335E-01
  9.174400   4.4790652066883935E-01
  9.184000   4.4790766352793460E-01
  9.193600   4.4790879241538067E-01
  9.203200   4.4790990750196619E-01
  9.212800   4.4791100895639230E-01
  9.222400   4.4791209694529849E-01
  9.232000   4.4791317163328764E-01
  9.241600   4.4791423318295082E-01
  9.251200   4.4791528175489209E-01
  9.260800   4.4791631750775251E-01
  9.270400   4.4791734059823435E-01
  9.280000   4.4791835118112466E-01
  9.289600   4.4791934940931871E-01
  9.299200   4.4792033543384302E-01
  9.308800   4.4792130940387831E-01
  9.318400   4.4792227146678198E-01
  9.328000   4.4792322176811045E-01
  9.337600   4.4792416045164102E-01
  9.347200   4.4792508765939382E-01
  9.356800   4.4792600353165307E-01
  9.366400   4.4792690820698844E-01
  9.376000   4.4792780182227598E-01
  9.385600   4.4792868451271867E-01
  9.395200   4.4792955641186710E-01
  9.404800   4.4793041765163943E-01
  9.414400   4.4793126836234143E-01
  9.424000   4.4793210867268629E-01
  9.433600   4.4793293870981393E-01
  9.443200   4.4793375859931017E-01
  9.452800   4.4793456846522600E-01
  9.462400   4.4793536843009607E-01
  9.472000   4.4793615861495722E-01
  9.481600   4.4793693913936700E-01
  9.491200   4.4793771012142158E-01
  9.500800   4.4793847167777356E-01
  9.510400   4.4793922392364982E-01
  9.520000   4.4793996697286870E-01
  9.529600   4.4794070093785737E-01
  9.539200   4.4794142592966879E-01
  9.548800   4.4794214205799848E-01
  9.558400   4.4794284943120116E-01
  9.568000   4.4794354815630705E-01
  9.577600   4.4794423833903813E-01
  9.587200   4.4794492008382408E-01
  9.596800   4.4794559349381813E-01
  9.606400   4.4794625867091259E-01
  9.616000   4.4794691571575435E-01
  9.625600   4.4794756472775998E-01
  9.635200   4.4794820580513084E-01
  9.644800   4.4794883904486799E-01
  9.654400   4.4794946454278656E-01
  9.664000   4.4795008239353079E-01
  9.673600   4.4795069269058785E-01
  9.683200   4.4795129552630203E-01
  9.692800   4.4795189099188909E-01
  9.702400   4.4795247917744957E-01
  9.712000   4.4795306017198283E-01
  9.721600   4.4795363406340005E-01
  9.731200   4.4795420093853811E-01
  9.740800   4.4795476088317215E-01
  9.750400   4.4795531398202892E-01
  9.760000   4.4795586031879947E-01
  9.769600   4.4795639997615178E-01
  9.779200   4.4795693303574330E-01
  9.788800   4.4795745957823330E-01
  9.798400   4.4795797968329504E-01
  9.808000   4.4795849342962790E-01
  9.817600   4.4795900089496921E-01
  9.827200   4.4795950215610592E-01
  9.836800   4.4795999728888652E-01
  9.846400   4.4796048636823216E-01
  9.856000   4.4796096946814817E-01
  9.865600   4.4796144666173521E-01
  9.875200   4.4796191802120039E-01
  9.884800   4.4796238361786811E-01
  9.894400   4.4796284352219079E-01
  9.904000   4.4796329780375971E-01
  9.913600   4.4796374653131543E-01
  9.923200   4.4796418977275820E-01
  9.932800   4.4796462759515815E-01
  9.942400   4.4796506006476561E-01
  9.952000   4.4796548724702095E-01
  9.961600   4.4796590920656465E-01
  9.971200   4.4796632600724690E-01
  9.980800   4.4796673771213741E-01
  9.990400   4.4796714438353485E-01
