    9.8843289E-03
    2.8824475E-02 
    4.6659938E-02 
    6.3390719E-02 
    7.9016817E-02 
    9.3538232E-02 
    1.0695497E-01 
    1.1926702E-01 
    1.3047438E-01   
    1.4057707E-01   
    1.4957507E-01   
    1.5746839E-01   
    1.6425703E-01   
    1.6994098E-01   
    1.7452026E-01   
    1.7799485E-01   
    1.8036475E-01   
    1.8163000E-01 
    1.8185998E-01  
    1.8170000E-01  
    1.7879756E-01  
    1.7564405E-01  
    1.7138586E-01  
    1.6602299E-01  
    1.5955544E-01  
    1.5198320E-01  
    1.4330628E-01  
    1.3352468E-01  
    1.2263840E-01  
    1.1064743E-01  
    9.7551783E-02  
    8.3351452E-02  
    6.8046437E-02 
    5.1636741E-02   
    3.4122362E-02  
    1.5503300E-02  
   -4.2204447E-03  
   -2.5048872E-02  
   -4.6981981E-02  
   -7.0019773E-02  
   -9.4162248E-02  
   -1.1940941E-01  
   -1.4576125E-01  
   -1.7321777E-01  
   -2.0177897E-01  
   -2.3144486E-01  
   -2.6221543E-01  
   -2.9409068E-01  
   -3.2707062E-01  
   -3.6115524E-01  
   -3.9634454E-01  
   -4.3263852E-01  
   -4.7003719E-01  
   -5.0854053E-01  
   -5.4814857E-01  
   -5.8886128E-01  
   -6.3067867E-01  
   -6.7360075E-01  
   -7.1762751E-01  
   -7.6275896E-01  
   -8.0899508E-01  
   -8.5633589E-01  
   -9.0478138E-01  
   -9.5433156E-01  
   -1.0049864E+00  
   -1.0567460E+00  
   -1.1096102E+00  
   -1.1635791E+00  
   -1.2186527E+00  
   -1.2748309E+00  
   -1.3321139E+00  
   -1.3905015E+00  
   -1.4499938E+00  
   -1.5105908E+00  
   -1.5722925E+00  
   -1.6350989E+00  
   -1.6990099E+00  
   -1.7640257E+00  
   -1.8301461E+00  
   -1.8973712E+00  
   -1.9657010E+00  
   -2.0351354E+00  
   -2.1056746E+00  
   -2.1773184E+00  
   -2.2500669E+00  
   -2.3239201E+00  
   -2.3988780E+00 
   -2.4749405E+00 
   -2.5521077E+00 
   -2.6303797E+00 
