   .400000   5.5109471550108469E-01
   .409600   5.3452431000524347E-01
   .419200   5.1836263187230536E-01
   .428800   5.0260097456914887E-01
   .438400   4.8723080675339359E-01
   .448000   4.7224376883710134E-01
   .457600   4.5763166961706725E-01
   .467200   4.4338648297041372E-01
   .476800   4.2950034461423525E-01
   .486400   4.1596554892805188E-01
   .496000   4.0277454583787098E-01
   .505600   3.8991993776066253E-01
   .515200   3.7739447660808612E-01
   .524800   3.6519106084833119E-01
   .534400   3.5330273262494455E-01
   .544000   3.4172267493155128E-01
   .553600   3.3044420884139258E-01
   .563200   3.1946079079061823E-01
   .572800   3.0876600991430442E-01
   .582400   2.9835358543417656E-01
   .592000   2.8821736409703974E-01
   .601600   2.7835131766294252E-01
   .611200   2.6874954044211152E-01
   .620800   2.5940624687972036E-01
   .630400   2.5031576918756476E-01
   .640000   2.4147255502174630E-01
   .649600   2.3287116520547194E-01
   .659200   2.2450627149610064E-01
   .668800   2.1637265439558648E-01
   .678400   2.0846520100347571E-01
   .688000   2.0077890291164208E-01
   .697600   1.9330885413995197E-01
   .707200   1.8605024911207033E-01
   .716800   1.7899838067063398E-01
   .726400   1.7214863813103026E-01
   .736000   1.6549650537303981E-01
   .745600   1.5903755896960706E-01
   .755200   1.5276746635202831E-01
   .764800   1.4668198401084864E-01
   .774400   1.4077695573178253E-01
   .784000   1.3504831086597907E-01
   .793600   1.2949206263397062E-01
   .803200   1.2410430646265380E-01
   .812800   1.1888121835466407E-01
   .822400   1.1381905328952018E-01
   .832000   1.0891414365592303E-01
   .841600   1.0416289771460802E-01
   .851200   9.9561798091161363E-02
   .860800   9.5107400298219472E-02
   .870400   9.0796331286485898E-02
   .880000   8.6625288024007902E-02
   .889600   8.2591036103166426E-02
   .899200   7.8690408374844395E-02
   .908800   7.4920303609247826E-02
   .918400   7.1277685182864314E-02
   .928000   6.7759579791054431E-02
   .937600   6.4363076185779175E-02
   .947200   6.1085323937979080E-02
   .956800   5.7923532224126620E-02
   .966400   5.4874968636485888E-02
   .976000   5.1936958016619683E-02
   .985600   4.9106881311696354E-02
   .995200   4.6382174453152486E-02
  1.004800   4.3760327257281989E-02
  1.014400   4.1238882347324590E-02
  1.024000   3.8815434096640178E-02
  1.033600   3.6487627592559135E-02
  1.043200   3.4253157620509012E-02
  1.052800   3.2109767668026062E-02
  1.062400   3.0055248948264640E-02
  1.072000   2.8087439442629314E-02
  1.081600   2.6204222962157686E-02
  1.091200   2.4403528227291582E-02
  1.100800   2.2683327965680566E-02
  1.110400   2.1041638027668119E-02
  1.120000   1.9476516519117942E-02
  1.129600   1.7986062951245302E-02
  1.139200   1.6568417407122948E-02
  1.148800   1.5221759724538597E-02
  1.158400   1.3944308694887775E-02
  1.168000   1.2734321277790728E-02
  1.177600   1.1590091831128274E-02
  1.187200   1.0509951356199060E-02
  1.196800   9.4922667577024833E-03
  1.206400   8.5354401182631823E-03
  1.216000   7.6379079872114786E-03
  1.225600   6.7981406833466373E-03
  1.235200   6.0146416114088275E-03
  1.244800   5.2859465919958271E-03
  1.254400   4.6106232046627393E-03
  1.264000   3.9872701439486180E-03
  1.273600   3.4145165880800354E-03
  1.283200   2.8910215801045691E-03
  1.292800   2.4154734212136486E-03
  1.302400   1.9865890760173421E-03
  1.312000   1.6031135895395454E-03
  1.321600   1.2638195157061438E-03
  1.331200   9.6750635710185495E-04
  1.340800   7.1300001577809247E-04
  1.350400   4.9915225489630122E-04
  1.360000   3.2484017099637663E-04
  1.369600   1.8896567668380548E-04
  1.379200   9.0454993533245487E-05
  1.388800   2.8258155008786812E-05
  1.398400   1.3485192080497921E-06
  1.408000   8.7222912367734828E-06
  1.417600   4.9398055028876398E-05
  1.427200   1.2241631442633238E-04
  1.436800   2.2683904334000471E-04
  1.446400   3.6174924481371939E-04
  1.456000   5.2625051881940998E-04
  1.465600   7.1946663861224835E-04
  1.475200   9.4054113548003304E-04
  1.484800   1.1886368917225221E-03
  1.494400   1.4629357417014210E-03
  1.504000   1.7626380808028475E-03
  1.513600   2.0869624821587274E-03
  1.523200   2.4351453209758289E-03
  1.532800   2.8064404063240511E-03
  1.542400   3.2001186202385568E-03
  1.552000   3.6154675639933076E-03
  1.561600   4.0517912114062804E-03
  1.571200   4.5084095690385573E-03
  1.580800   4.9846583431538694E-03
  1.590400   5.4798886133058111E-03
  1.600000   5.9934665124236897E-03
  1.609600   6.5247729132704713E-03
  1.619200   7.0732031211478974E-03
  1.628800   7.6381665727273396E-03
  1.638400   8.2190865408860447E-03
  1.648000   8.8153998454327809E-03
  1.657600   9.4265565696058651E-03
  1.667200   1.0052019782232913E-02
  1.676800   1.0691265265440147E-02
  1.686400   1.1343781247803081E-02
  1.696000   1.2009068142833174E-02
  1.705600   1.2686638292694313E-02
  1.715200   1.3376015717048662E-02
  1.724800   1.4076735866930312E-02
  1.734400   1.4788345383548840E-02
  1.744000   1.5510401861926121E-02
  1.753600   1.6242473619271863E-02
  1.763200   1.6984139468005310E-02
  1.772800   1.7734988493331300E-02
  1.782400   1.8494619835282472E-02
  1.792000   1.9262642475139674E-02
  1.801600   2.0038675026144370E-02
  1.811200   2.0822345528419606E-02
  1.820800   2.1613291248016558E-02
  1.830400   2.2411158480005994E-02
  1.840000   2.3215602355535048E-02
  1.849600   2.4026286652771706E-02
  1.859200   2.4842883611660455E-02
  1.868800   2.5665073752415002E-02
  1.878400   2.6492545697673175E-02
  1.888000   2.7324995998244145E-02
  1.897600   2.8162128962375244E-02
  1.907200   2.9003656488471002E-02
  1.916800   2.9849297901195254E-02
  1.926400   3.0698779790890751E-02
  1.936000   3.1551835856250238E-02
  1.945600   3.2408206750175500E-02
  1.955200   3.3267639928761805E-02
  1.964800   3.4129889503345473E-02
  1.974400   3.4994716095555267E-02
  1.984000   3.5861886695307460E-02
  1.993600   3.6731174521687365E-02
  2.003200   3.7602358886659970E-02
  2.012800   3.8475225061554263E-02
  2.022400   3.9349564146266031E-02
  2.032000   4.0225172941126403E-02
  2.041600   4.1101853821382178E-02
  2.051200   4.1979414614238181E-02
  2.060800   4.2857668478409466E-02
  2.070400   4.3736433786134399E-02
  2.080000   4.4615534007600488E-02
  2.089600   4.5494797597734532E-02
  2.099200   4.6374057885310765E-02
  2.108800   4.7253152964331024E-02
  2.118400   4.8131925587632074E-02
  2.128000   4.9010223062676078E-02
  2.137600   4.9887897149480664E-02
  2.147200   5.0764803960647031E-02
  2.156800   5.1640803863443330E-02
  2.166400   5.2515761383903625E-02
  2.176000   5.3389545112902309E-02
  2.185600   5.4262027614164182E-02
  2.195200   5.5133085334172716E-02
  2.204800   5.6002598513937990E-02
  2.214400   5.6870451102588010E-02
  2.224000   5.7736530672747005E-02
  2.233600   5.8600728337664956E-02
  2.243200   5.9462938670064164E-02
  2.252800   6.0323059622667860E-02
  2.262400   6.1180992450378349E-02
  2.272000   6.2036641634071230E-02
  2.281600   6.2889914805973751E-02
  2.291200   6.3740722676595682E-02
  2.300800   6.4588978963181984E-02
  2.310400   6.5434600319656699E-02
  2.320000   6.6277506268028558E-02
  2.329600   6.7117619131228948E-02
  2.339200   6.7954863967353910E-02
  2.348800   6.8789168505281800E-02
  2.358400   6.9620463081639633E-02
  2.368000   7.0448680579090775E-02
  2.377600   7.1273756365917415E-02
  2.387200   7.2095628236872975E-02
  2.396800   7.2914236355277384E-02
  2.406400   7.3729523196331928E-02
  2.416000   7.4541433491628298E-02
  2.425600   7.5349914174828447E-02
  2.435200   7.6154914328491238E-02
  2.444800   7.6956385132023519E-02
  2.454400   7.7754279810732713E-02
  2.464000   7.8548553585958719E-02
  2.473600   7.9339163626264017E-02
  2.483200   8.0126068999659780E-02
  2.492800   8.0909230626848225E-02
  2.502400   8.1688611235460049E-02
  2.512000   8.2464175315267077E-02
  2.521600   8.3235889074350783E-02
  2.531200   8.4003720396207154E-02
  2.540800   8.4767638797768899E-02
  2.550400   8.5527615388327094E-02
  2.560000   8.6283622829333370E-02
  2.569600   8.7035635295065597E-02
  2.579200   8.7783628434138949E-02
  2.588800   8.8527579331845907E-02
  2.598400   8.9267466473307994E-02
  2.608000   9.0003269707422812E-02
  2.617600   9.0734970211590951E-02
  2.627200   9.1462550457205888E-02
  2.636800   9.2185994175892336E-02
  2.646400   9.2905286326477640E-02
  2.656000   9.3620413062680846E-02
  2.665600   9.4331361701505773E-02
  2.675200   9.5038120692322911E-02
  2.684800   9.5740679586626784E-02
  2.694400   9.6439029008454566E-02
  2.704000   9.7133160625453074E-02
  2.713600   9.7823067120580171E-02
  2.723200   9.8508742164428412E-02
  2.732800   9.9190180388157662E-02
  2.742400   9.9867377357024750E-02
  2.752000   1.0054032954449742E-01
  2.761600   1.0120903430694117E-01
  2.771200   1.0187348985886717E-01
  2.780800   1.0253369524872920E-01
  2.790400   1.0318965033525927E-01
  2.800000   1.0384135576433025E-01
  2.809600   1.0448881294633493E-01
  2.819200   1.0513202403407086E-01
  2.828800   1.0577099190112065E-01
  2.838400   1.0640572012071751E-01
  2.848000   1.0703621294508597E-01
  2.857600   1.0766247528524819E-01
  2.867200   1.0828451269128612E-01
  2.876800   1.0890233133305012E-01
  2.886400   1.0951593798130493E-01
  2.896000   1.1012533998930399E-01
  2.905600   1.1073054527478281E-01
  2.915200   1.1133156230236362E-01
  2.924800   1.1192840006636177E-01
  2.934400   1.1252106807398644E-01
  2.944000   1.1310957632892681E-01
  2.953600   1.1369393531531602E-01
  2.963200   1.1427415598206525E-01
  2.972800   1.1485024972755965E-01
  2.982400   1.1542222838470935E-01
  2.992000   1.1599010420634744E-01
  3.001600   1.1655388985096805E-01
  3.011200   1.1711359836879767E-01
  3.020800   1.1766924318819211E-01
  3.030400   1.1822083810235282E-01
  3.040000   1.1876839725635584E-01
  3.049600   1.1931193513448646E-01
  3.059200   1.1985146654787371E-01
  3.068800   1.2038700662241797E-01
  3.078400   1.2091857078700570E-01
  3.088000   1.2144617476200534E-01
  3.097600   1.2196983454803821E-01
  3.107200   1.2248956641501907E-01
  3.116800   1.2300538689145996E-01
  3.126400   1.2351731275403249E-01
  3.136000   1.2402536101738285E-01
  3.145600   1.2452954892419349E-01
  3.155200   1.2502989393548791E-01
  3.164800   1.2552641372117146E-01
  3.174400   1.2601912615080457E-01
  3.184000   1.2650804928460288E-01
  3.193600   1.2699320136465927E-01
  3.203200   1.2747460080638376E-01
  3.212800   1.2795226619015573E-01
  3.222400   1.2842621625318471E-01
  3.232000   1.2889646988157474E-01
  3.241600   1.2936304610258834E-01
  3.251200   1.2982596407710542E-01
  3.260800   1.3028524309227330E-01
  3.270400   1.3074090255434351E-01
  3.280000   1.3119296198169147E-01
  3.289600   1.3164144099801497E-01
  3.299200   1.3208635932570784E-01
  3.308800   1.3252773677940455E-01
  3.318400   1.3296559325969276E-01
  3.328000   1.3339994874698960E-01
  3.337600   1.3383082329557797E-01
  3.347200   1.3425823702780040E-01
  3.356800   1.3468221012840570E-01
  3.366400   1.3510276283904615E-01
  3.376000   1.3551991545292125E-01
  3.385600   1.3593368830956520E-01
  3.395200   1.3634410178977502E-01
  3.404800   1.3675117631067557E-01
  3.414400   1.3715493232091960E-01
  3.424000   1.3755539029601871E-01
  3.433600   1.3795257073380293E-01
  3.443200   1.3834649415000630E-01
  3.452800   1.3873718107397481E-01
  3.462400   1.3912465204449503E-01
  3.472000   1.3950892760574002E-01
  3.481600   1.3989002830332997E-01
  3.491200   1.4026797468050567E-01
  3.500800   1.4064278727441132E-01
  3.510400   1.4101448661248489E-01
  3.520000   1.4138309320895362E-01
  3.529600   1.4174862756143200E-01
  3.539200   1.4211111014761990E-01
  3.548800   1.4247056142209916E-01
  3.558400   1.4282700181322561E-01
  3.568000   1.4318045172011498E-01
  3.577600   1.4353093150972041E-01
  3.587200   1.4387846151399925E-01
  3.596800   1.4422306202716739E-01
  3.606400   1.4456475330303914E-01
  3.616000   1.4490355555245041E-01
  3.625600   1.4523948894076355E-01
  3.635200   1.4557257358545206E-01
  3.644800   1.4590282955376271E-01
  3.654400   1.4623027686045439E-01
  3.664000   1.4655493546561077E-01
  3.673600   1.4687682527252566E-01
  3.683200   1.4719596612565949E-01
  3.692800   1.4751237780866486E-01
  3.702400   1.4782608004247977E-01
  3.712000   1.4813709248348689E-01
  3.721600   1.4844543472173746E-01
  3.731200   1.4875112627923814E-01
  3.740800   1.4905418660829917E-01
  3.750400   1.4935463508994290E-01
  3.760000   1.4965249103237088E-01
  3.769600   1.4994777366948783E-01
  3.779200   1.5024050215948218E-01
  3.788800   1.5053069558346038E-01
  3.798400   1.5081837294413503E-01
  3.808000   1.5110355316456472E-01
  3.817600   1.5138625508694450E-01
  3.827200   1.5166649747144600E-01
  3.836800   1.5194429899510564E-01
  3.846400   1.5221967825076024E-01
  3.856000   1.5249265374602811E-01
  3.865600   1.5276324390233539E-01
  3.875200   1.5303146705398590E-01
  3.884800   1.5329734144727369E-01
  3.894400   1.5356088523963712E-01
  3.904000   1.5382211649885355E-01
  3.913600   1.5408105320227355E-01
  3.923200   1.5433771323609374E-01
  3.932800   1.5459211439466697E-01
  3.942400   1.5484427437984946E-01
  3.952000   1.5509421080038344E-01
  3.961600   1.5534194117131461E-01
  3.971200   1.5558748291344371E-01
  3.980800   1.5583085335281069E-01
  3.990400   1.5607206972021168E-01
  4.000000   1.5631114915074684E-01
  4.009600   1.5654810868339900E-01
  4.019200   1.5678296526064181E-01
  4.028800   1.5701573572807742E-01
  4.038400   1.5724643683410161E-01
  4.048000   1.5747508522959713E-01
  4.057600   1.5770169746765311E-01
  4.067200   1.5792629000331115E-01
  4.076800   1.5814887919333614E-01
  4.086400   1.5836948129601222E-01
  4.096000   1.5858811247096244E-01
  4.105600   1.5880478877899179E-01
  4.115200   1.5901952618195303E-01
  4.124800   1.5923234054263449E-01
  4.134400   1.5944324762466935E-01
  4.144000   1.5965226309246577E-01
  4.153600   1.5985940251115741E-01
  4.163200   1.6006468134657348E-01
  4.172800   1.6026811496522803E-01
  4.182400   1.6046971863432791E-01
  4.192000   1.6066950752179865E-01
  4.201600   1.6086749669632808E-01
  4.211200   1.6106370112742674E-01
  4.220800   1.6125813568550509E-01
  4.230400   1.6145081514196669E-01
  4.240000   1.6164175416931673E-01
  4.249600   1.6183096734128613E-01
  4.259200   1.6201846913296988E-01
  4.268800   1.6220427392097977E-01
  4.278400   1.6238839598361096E-01
  4.288000   1.6257084950102177E-01
  4.297600   1.6275164855542645E-01
  4.307200   1.6293080713130056E-01
  4.316800   1.6310833911559838E-01
  4.326400   1.6328425829798227E-01
  4.336000   1.6345857837106295E-01
  4.345600   1.6363131293065142E-01
  4.355200   1.6380247547602106E-01
  4.364800   1.6397207941018008E-01
  4.374400   1.6414013804015404E-01
  4.384000   1.6430666457727811E-01
  4.393600   1.6447167213749805E-01
  4.403200   1.6463517374168093E-01
  4.412800   1.6479718231593382E-01
  4.422400   1.6495771069193124E-01
  4.432000   1.6511677160725044E-01
  4.441600   1.6527437770571451E-01
  4.451200   1.6543054153774306E-01
  4.460800   1.6558527556070976E-01
  4.470400   1.6573859213930719E-01
  4.480000   1.6589050354591808E-01
  4.489600   1.6604102196099307E-01
  4.499200   1.6619015947343449E-01
  4.508800   1.6633792808098621E-01
  4.518400   1.6648433969062898E-01
  4.528000   1.6662940611898125E-01
  4.537600   1.6677313909270516E-01
  4.547200   1.6691555024891763E-01
  4.556800   1.6705665113560600E-01
  4.566400   1.6719645321204826E-01
  4.576000   1.6733496784923779E-01
  4.585600   1.6747220633031190E-01
  4.595200   1.6760817985098467E-01
  4.604800   1.6774289951998320E-01
  4.614400   1.6787637635948766E-01
  4.624000   1.6800862130557453E-01
  4.633600   1.6813964520866323E-01
  4.643200   1.6826945883396541E-01
  4.652800   1.6839807286193764E-01
  4.662400   1.6852549788873616E-01
  4.672000   1.6865174442667472E-01
  4.681600   1.6877682290468435E-01
  4.691200   1.6890074366877558E-01
  4.700800   1.6902351698250273E-01
  4.710400   1.6914515302743000E-01
  4.720000   1.6926566190359932E-01
  4.729600   1.6938505363000009E-01
  4.739200   1.6950333814504021E-01
  4.748800   1.6962052530701846E-01
  4.758400   1.6973662489459829E-01
  4.768000   1.6985164660728264E-01
  4.777600   1.6996560006588990E-01
  4.787200   1.7007849481303047E-01
  4.796800   1.7019034031358443E-01
  4.806400   1.7030114595517978E-01
  4.816000   1.7041092104867109E-01
  4.825600   1.7051967482861874E-01
  4.835200   1.7062741645376861E-01
  4.844800   1.7073415500753181E-01
  4.854400   1.7083989949846473E-01
  4.864000   1.7094465886074911E-01
  4.873600   1.7104844195467211E-01
  4.883200   1.7115125756710620E-01
  4.892800   1.7125311441198901E-01
  4.902400   1.7135402113080267E-01
  4.912000   1.7145398629305306E-01
  4.921600   1.7155301839674844E-01
  4.931200   1.7165112586887754E-01
  4.940800   1.7174831706588733E-01
  4.950400   1.7184460027415976E-01
  4.960000   1.7193998371048808E-01
  4.969600   1.7203447552255224E-01
  4.979200   1.7212808378939345E-01
  4.988800   1.7222081652188775E-01
  4.998400   1.7231268166321875E-01
  5.008000   1.7240368708934925E-01
  5.017600   1.7249384060949169E-01
  5.027200   1.7258314996657756E-01
  5.036800   1.7267162283772558E-01
  5.046400   1.7275926683470857E-01
  5.056000   1.7284608950441910E-01
  5.065600   1.7293209832933368E-01
  5.075200   1.7301730072797558E-01
  5.084800   1.7310170405537631E-01
  5.094400   1.7318531560353542E-01
  5.104000   1.7326814260187898E-01
  5.113600   1.7335019221771622E-01
  5.123200   1.7343147155669486E-01
  5.132800   1.7351198766325451E-01
  5.142400   1.7359174752107862E-01
  5.152000   1.7367075805354448E-01
  5.161600   1.7374902612417170E-01
  5.171200   1.7382655853706871E-01
  5.180800   1.7390336203737750E-01
  5.190400   1.7397944331171661E-01
  5.200000   1.7405480898862197E-01
  5.209600   1.7412946563898626E-01
  5.219200   1.7420341977649595E-01
  5.228800   1.7427667785806650E-01
  5.238400   1.7434924628427567E-01
  5.248000   1.7442113139979476E-01
  5.257600   1.7449233949381784E-01
  5.267200   1.7456287680048882E-01
  5.276800   1.7463274949932664E-01
  5.286400   1.7470196371564825E-01
  5.296000   1.7477052552098951E-01
  5.305600   1.7483844093352394E-01
  5.315200   1.7490571591847939E-01
  5.324800   1.7497235638855257E-01
  5.334400   1.7503836820432128E-01
  5.344000   1.7510375717465454E-01
  5.353600   1.7516852905712060E-01
  5.363200   1.7523268955839263E-01
  5.372800   1.7529624433465213E-01
  5.382400   1.7535919899199034E-01
  5.392000   1.7542155908680723E-01
  5.401600   1.7548333012620818E-01
  5.411200   1.7554451756839862E-01
  5.420800   1.7560512682307622E-01
  5.430400   1.7566516325182083E-01
  5.440000   1.7572463216848225E-01
  5.449600   1.7578353883956552E-01
  5.459200   1.7584188848461421E-01
  5.468800   1.7589968627659097E-01
  5.478400   1.7595693734225626E-01
  5.488000   1.7601364676254438E-01
  5.497600   1.7606981957293755E-01
  5.507200   1.7612546076383723E-01
  5.516800   1.7618057528093359E-01
  5.526400   1.7623516802557232E-01
  5.536000   1.7628924385511927E-01
  5.545600   1.7634280758332282E-01
  5.555200   1.7639586398067375E-01
  5.564800   1.7644841777476300E-01
  5.574400   1.7650047365063687E-01
  5.584000   1.7655203625115018E-01
  5.593600   1.7660311017731692E-01
  5.603200   1.7665369998865854E-01
  5.612800   1.7670381020355017E-01
  5.622400   1.7675344529956424E-01
  5.632000   1.7680260971381206E-01
  5.641600   1.7685130784328285E-01
  5.651200   1.7689954404518055E-01
  5.660800   1.7694732263725854E-01
  5.670400   1.7699464789815172E-01
  5.680000   1.7704152406770646E-01
  5.689600   1.7708795534730840E-01
  5.699200   1.7713394590020770E-01
  5.708800   1.7717949985184223E-01
  5.718400   1.7722462129015837E-01
  5.728000   1.7726931426592965E-01
  5.737600   1.7731358279307299E-01
  5.747200   1.7735743084896283E-01
  5.756800   1.7740086237474287E-01
  5.766400   1.7744388127563576E-01
  5.776000   1.7748649142125039E-01
  5.785600   1.7752869664588705E-01
  5.795200   1.7757050074884023E-01
  5.804800   1.7761190749469949E-01
  5.814400   1.7765292061364787E-01
  5.824000   1.7769354380175817E-01
  5.833600   1.7773378072128709E-01
  5.843200   1.7777363500096721E-01
  5.852800   1.7781311023629676E-01
  5.862400   1.7785220998982709E-01
  5.872000   1.7789093779144835E-01
  5.881600   1.7792929713867270E-01
  5.891200   1.7796729149691543E-01
  5.900800   1.7800492429977413E-01
  5.910400   1.7804219894930559E-01
  5.920000   1.7807911881630062E-01
  5.929600   1.7811568724055679E-01
  5.939200   1.7815190753114918E-01
  5.948800   1.7818778296669882E-01
  5.958400   1.7822331679563927E-01
  5.968000   1.7825851223648112E-01
  5.977600   1.7829337247807431E-01
  5.987200   1.7832790067986856E-01
  5.996800   1.7836209997217170E-01
  6.006400   1.7839597345640595E-01
  6.016000   1.7842952420536243E-01
  6.025600   1.7846275526345318E-01
  6.035200   1.7849566964696179E-01
  6.044800   1.7852827034429164E-01
  6.054400   1.7856056031621231E-01
  6.064000   1.7859254249610404E-01
  6.073600   1.7862421979020027E-01
  6.083200   1.7865559507782822E-01
  6.092800   1.7868667121164747E-01
  6.102400   1.7871745101788686E-01
  6.112000   1.7874793729657923E-01
  6.121600   1.7877813282179436E-01
  6.131200   1.7880804034187020E-01
  6.140800   1.7883766257964198E-01
  6.150400   1.7886700223266966E-01
  6.160000   1.7889606197346331E-01
  6.169600   1.7892484444970702E-01
  6.179200   1.7895335228448062E-01
  6.188800   1.7898158807647976E-01
  6.198400   1.7900955440023431E-01
  6.208000   1.7903725380632463E-01
  6.217600   1.7906468882159643E-01
  6.227200   1.7909186194937371E-01
  6.236800   1.7911877566966986E-01
  6.246400   1.7914543243939712E-01
  6.256000   1.7917183469257442E-01
  6.265600   1.7919798484053318E-01
  6.275200   1.7922388527212169E-01
  6.284800   1.7924953835390781E-01
  6.294400   1.7927494643037958E-01
  6.304000   1.7930011182414482E-01
  6.313600   1.7932503683612835E-01
  6.323200   1.7934972374576813E-01
  6.332800   1.7937417481120937E-01
  6.342400   1.7939839226949733E-01
  6.352000   1.7942237833676813E-01
  6.361600   1.7944613520843844E-01
  6.371200   1.7946966505939302E-01
  6.380800   1.7949297004417106E-01
  6.390400   1.7951605229715090E-01
  6.400000   1.7953891393273294E-01
  6.409600   1.7956155704552143E-01
  6.419200   1.7958398371050419E-01
  6.428800   1.7960619598323121E-01
  6.438400   1.7962819589999171E-01
  6.448000   1.7964998547798927E-01
  6.457600   1.7967156671551601E-01
  6.467200   1.7969294159212496E-01
  6.476800   1.7971411206880100E-01
  6.486400   1.7973508008813044E-01
  6.496000   1.7975584757446897E-01
  6.505600   1.7977641643410827E-01
  6.515200   1.7979678855544126E-01
  6.524800   1.7981696580912584E-01
  6.534400   1.7983695004824707E-01
  6.544000   1.7985674310847824E-01
  6.553600   1.7987634680824038E-01
  6.563200   1.7989576294886039E-01
  6.572800   1.7991499331472785E-01
  6.582400   1.7993403967345034E-01
  6.592000   1.7995290377600767E-01
  6.601600   1.7997158735690449E-01
  6.611200   1.7999009213432168E-01
  6.620800   1.8000841981026658E-01
  6.630400   1.8002657207072148E-01
  6.640000   1.8004455058579141E-01
  6.649600   1.8006235700985007E-01
  6.659200   1.8007999298168484E-01
  6.668800   1.8009746012464034E-01
  6.678400   1.8011476004676089E-01
  6.688000   1.8013189434093152E-01
  6.697600   1.8014886458501791E-01
  6.707200   1.8016567234200503E-01
  6.716800   1.8018231916013452E-01
  6.726400   1.8019880657304094E-01
  6.736000   1.8021513609988668E-01
  6.745600   1.8023130924549599E-01
  6.755200   1.8024732750048733E-01
  6.764800   1.8026319234140506E-01
  6.774400   1.8027890523084958E-01
  6.784000   1.8029446761760651E-01
  6.793600   1.8030988093677475E-01
  6.803200   1.8032514660989324E-01
  6.812800   1.8034026604506667E-01
  6.822400   1.8035524063709019E-01
  6.832000   1.8037007176757278E-01
  6.841600   1.8038476080505977E-01
  6.851200   1.8039930910515406E-01
  6.860800   1.8041371801063630E-01
  6.870400   1.8042798885158420E-01
  6.880000   1.8044212294549039E-01
  6.889600   1.8045612159737962E-01
  6.899200   1.8046998609992468E-01
  6.908800   1.8048371773356126E-01
  6.918400   1.8049731776660197E-01
  6.928000   1.8051078745534918E-01
  6.937600   1.8052412804420681E-01
  6.947200   1.8053734076579134E-01
  6.956800   1.8055042684104153E-01
  6.966400   1.8056338747932735E-01
  6.976000   1.8057622387855796E-01
  6.985600   1.8058893722528849E-01
  6.995200   1.8060152869482604E-01
  7.004800   1.8061399945133474E-01
  7.014400   1.8062635064793978E-01
  7.024000   1.8063858342683045E-01
  7.033600   1.8065069891936239E-01
  7.043200   1.8066269824615883E-01
  7.052800   1.8067458251721091E-01
  7.062400   1.8068635283197715E-01
  7.072000   1.8069801027948190E-01
  7.081600   1.8070955593841301E-01
  7.091200   1.8072099087721863E-01
  7.100800   1.8073231615420296E-01
  7.110400   1.8074353281762134E-01
  7.120000   1.8075464190577437E-01
  7.129600   1.8076564444710108E-01
  7.139200   1.8077654146027156E-01
  7.148800   1.8078733395427829E-01
  7.158400   1.8079802292852709E-01
  7.168000   1.8080860937292689E-01
  7.177600   1.8081909426797901E-01
  7.187200   1.8082947858486523E-01
  7.196800   1.8083976328553542E-01
  7.206400   1.8084994932279413E-01
  7.216000   1.8086003764038655E-01
  7.225600   1.8087002917308356E-01
  7.235200   1.8087992484676610E-01
  7.244800   1.8088972557850858E-01
  7.254400   1.8089943227666183E-01
  7.264000   1.8090904584093506E-01
  7.273600   1.8091856716247709E-01
  7.283200   1.8092799712395694E-01
  7.292800   1.8093733659964353E-01
  7.302400   1.8094658645548484E-01
  7.312000   1.8095574754918611E-01
  7.321600   1.8096482073028755E-01
  7.331200   1.8097380684024120E-01
  7.340800   1.8098270671248703E-01
  7.350400   1.8099152117252859E-01
  7.360000   1.8100025103800763E-01
  7.369600   1.8100889711877824E-01
  7.379200   1.8101746021698034E-01
  7.388800   1.8102594112711234E-01
  7.398400   1.8103434063610321E-01
  7.408000   1.8104265952338391E-01
  7.417600   1.8105089856095807E-01
  7.427200   1.8105905851347212E-01
  7.436800   1.8106714013828479E-01
  7.446400   1.8107514418553569E-01
  7.456000   1.8108307139821378E-01
  7.465600   1.8109092251222458E-01
  7.475200   1.8109869825645736E-01
  7.484800   1.8110639935285114E-01
  7.494400   1.8111402651646061E-01
  7.504000   1.8112158045552101E-01
  7.513600   1.8112906187151270E-01
  7.523200   1.8113647145922496E-01
  7.532800   1.8114380990681925E-01
  7.542400   1.8115107789589191E-01
  7.552000   1.8115827610153626E-01
  7.561600   1.8116540519240409E-01
  7.571200   1.8117246583076665E-01
  7.580800   1.8117945867257501E-01
  7.590400   1.8118638436751980E-01
  7.600000   1.8119324355909061E-01
  7.609600   1.8120003688463465E-01
  7.619200   1.8120676497541485E-01
  7.628800   1.8121342845666755E-01
  7.638400   1.8122002794765951E-01
  7.648000   1.8122656406174464E-01
  7.657600   1.8123303740641977E-01
  7.667200   1.8123944858338040E-01
  7.676800   1.8124579818857547E-01
  7.686400   1.8125208681226199E-01
  7.696000   1.8125831503905893E-01
  7.705600   1.8126448344800070E-01
  7.715200   1.8127059261259013E-01
  7.724800   1.8127664310085087E-01
  7.734400   1.8128263547537943E-01
  7.744000   1.8128857029339668E-01
  7.753600   1.8129444810679873E-01
  7.763200   1.8130026946220770E-01
  7.772800   1.8130603490102154E-01
  7.782400   1.8131174495946370E-01
  7.792000   1.8131740016863232E-01
  7.801600   1.8132300105454888E-01
  7.811200   1.8132854813820623E-01
  7.820800   1.8133404193561670E-01
  7.830400   1.8133948295785901E-01
  7.840000   1.8134487171112545E-01
  7.849600   1.8135020869676818E-01
  7.859200   1.8135549441134516E-01
  7.868800   1.8136072934666586E-01
  7.878400   1.8136591398983629E-01
  7.888000   1.8137104882330368E-01
  7.897600   1.8137613432490093E-01
  7.907200   1.8138117096789025E-01
  7.916800   1.8138615922100687E-01
  7.926400   1.8139109954850186E-01
  7.936000   1.8139599241018500E-01
  7.945600   1.8140083826146683E-01
  7.955200   1.8140563755340061E-01
  7.964800   1.8141039073272378E-01
  7.974400   1.8141509824189903E-01
  7.984000   1.8141976051915484E-01
  7.993600   1.8142437799852601E-01
  8.003200   1.8142895110989340E-01
  8.012800   1.8143348027902356E-01
  8.022400   1.8143796592760786E-01
  8.032000   1.8144240847330129E-01
  8.041600   1.8144680832976090E-01
  8.051200   1.8145116590668395E-01
  8.060800   1.8145548160984551E-01
  8.070400   1.8145975584113586E-01
  8.080000   1.8146398899859753E-01
  8.089600   1.8146818147646193E-01
  8.099200   1.8147233366518567E-01
  8.108800   1.8147644595148649E-01
  8.118400   1.8148051871837897E-01
  8.128000   1.8148455234520977E-01
  8.137600   1.8148854720769259E-01
  8.147200   1.8149250367794284E-01
  8.156800   1.8149642212451186E-01
  8.166400   1.8150030291242103E-01
  8.176000   1.8150414640319532E-01
  8.185600   1.8150795295489666E-01
  8.195200   1.8151172292215698E-01
  8.204800   1.8151545665621091E-01
  8.214400   1.8151915450492823E-01
  8.224000   1.8152281681284585E-01
  8.233600   1.8152644392119979E-01
  8.243200   1.8153003616795646E-01
  8.252800   1.8153359388784404E-01
  8.262400   1.8153711741238329E-01
  8.272000   1.8154060706991815E-01
  8.281600   1.8154406318564609E-01
  8.291200   1.8154748608164814E-01
  8.300800   1.8155087607691864E-01
  8.310400   1.8155423348739466E-01
  8.320000   1.8155755862598530E-01
  8.329600   1.8156085180260043E-01
  8.339200   1.8156411332417946E-01
  8.348800   1.8156734349471970E-01
  8.358400   1.8157054261530439E-01
  8.368000   1.8157371098413053E-01
  8.377600   1.8157684889653652E-01
  8.387200   1.8157995664502946E-01
  8.396800   1.8158303451931204E-01
  8.406400   1.8158608280630956E-01
  8.416000   1.8158910179019630E-01
  8.425600   1.8159209175242186E-01
  8.435200   1.8159505297173723E-01
  8.444800   1.8159798572422045E-01
  8.454400   1.8160089028330237E-01
  8.464000   1.8160376691979169E-01
  8.473600   1.8160661590190025E-01
  8.483200   1.8160943749526770E-01
  8.492800   1.8161223196298615E-01
  8.502400   1.8161499956562449E-01
  8.512000   1.8161774056125263E-01
  8.521600   1.8162045520546516E-01
  8.531200   1.8162314375140523E-01
  8.540800   1.8162580644978793E-01
  8.550400   1.8162844354892346E-01
  8.560000   1.8163105529474013E-01
  8.569600   1.8163364193080722E-01
  8.579200   1.8163620369835748E-01
  8.588800   1.8163874083630943E-01
  8.598400   1.8164125358128963E-01
  8.608000   1.8164374216765447E-01
  8.617600   1.8164620682751198E-01
  8.627200   1.8164864779074330E-01
  8.636800   1.8165106528502398E-01
  8.646400   1.8165345953584502E-01
  8.656000   1.8165583076653402E-01
  8.665600   1.8165817919827548E-01
  8.675200   1.8166050505013173E-01
  8.684800   1.8166280853906294E-01
  8.694400   1.8166508987994731E-01
  8.704000   1.8166734928560113E-01
  8.713600   1.8166958696679830E-01
  8.723200   1.8167180313229009E-01
  8.732800   1.8167399798882428E-01
  8.742400   1.8167617174116460E-01
  8.752000   1.8167832459210947E-01
  8.761600   1.8168045674251102E-01
  8.771200   1.8168256839129349E-01
  8.780800   1.8168465973547201E-01
  8.790400   1.8168673097017057E-01
  8.800000   1.8168878228864033E-01
  8.809600   1.8169081388227745E-01
  8.819200   1.8169282594064085E-01
  8.828800   1.8169481865146994E-01
  8.838400   1.8169679220070187E-01
  8.848000   1.8169874677248887E-01
  8.857600   1.8170068254921540E-01
  8.867200   1.8170259971151498E-01
  8.876800   1.8170449843828701E-01
  8.886400   1.8170637890671343E-01
  8.896000   1.8170824129227506E-01
  8.905600   1.8171008576876801E-01
  8.915200   1.8171191250831972E-01
  8.924800   1.8171372168140507E-01
  8.934400   1.8171551345686210E-01
  8.944000   1.8171728800190770E-01
  8.953600   1.8171904548215326E-01
  8.963200   1.8172078606161990E-01
  8.972800   1.8172250990275382E-01
  8.982400   1.8172421716644138E-01
  8.992000   1.8172590801202398E-01
  9.001600   1.8172758259731295E-01
  9.011200   1.8172924107860414E-01
  9.020800   1.8173088361069248E-01
  9.030400   1.8173251034688642E-01
  9.040000   1.8173412143902207E-01
  9.049600   1.8173571703747743E-01
  9.059200   1.8173729729118621E-01
  9.068800   1.8173886234765188E-01
  9.078400   1.8174041235296123E-01
  9.088000   1.8174194745179797E-01
  9.097600   1.8174346778745626E-01
  9.107200   1.8174497350185392E-01
  9.116800   1.8174646473554573E-01
  9.126400   1.8174794162773644E-01
  9.136000   1.8174940431629374E-01
  9.145600   1.8175085293776108E-01
  9.155200   1.8175228762737031E-01
  9.164800   1.8175370851905440E-01
  9.174400   1.8175511574545969E-01
  9.184000   1.8175650943795843E-01
  9.193600   1.8175788972666090E-01
  9.203200   1.8175925674042751E-01
  9.212800   1.8176061060688076E-01
  9.222400   1.8176195145241725E-01
  9.232000   1.8176327940221926E-01
  9.241600   1.8176459458026656E-01
  9.251200   1.8176589710934776E-01
  9.260800   1.8176718711107198E-01
  9.270400   1.8176846470587990E-01
  9.280000   1.8176973001305519E-01
  9.289600   1.8177098315073545E-01
  9.299200   1.8177222423592335E-01
  9.308800   1.8177345338449732E-01
  9.318400   1.8177467071122261E-01
  9.328000   1.8177587632976167E-01
  9.337600   1.8177707035268495E-01
  9.347200   1.8177825289148133E-01
  9.356800   1.8177942405656841E-01
  9.366400   1.8178058395730290E-01
  9.376000   1.8178173270199072E-01
  9.385600   1.8178287039789712E-01
  9.395200   1.8178399715125670E-01
  9.404800   1.8178511306728323E-01
  9.414400   1.8178621825017946E-01
  9.424000   1.8178731280314686E-01
  9.433600   1.8178839682839523E-01
  9.443200   1.8178947042715218E-01
  9.452800   1.8179053369967260E-01
  9.462400   1.8179158674524792E-01
  9.472000   1.8179262966221543E-01
  9.481600   1.8179366254796744E-01
  9.491200   1.8179468549896033E-01
  9.500800   1.8179569861072348E-01
  9.510400   1.8179670197786826E-01
  9.520000   1.8179769569409679E-01
  9.529600   1.8179867985221065E-01
  9.539200   1.8179965454411964E-01
  9.548800   1.8180061986085017E-01
  9.558400   1.8180157589255383E-01
  9.568000   1.8180252272851583E-01
  9.577600   1.8180346045716322E-01
  9.587200   1.8180438916607325E-01
  9.596800   1.8180530894198138E-01
  9.606400   1.8180621987078951E-01
  9.616000   1.8180712203757385E-01
  9.625600   1.8180801552659293E-01
  9.635200   1.8180890042129547E-01
  9.644800   1.8180977680432808E-01
  9.654400   1.8181064475754302E-01
  9.664000   1.8181150436200580E-01
  9.673600   1.8181235569800275E-01
  9.683200   1.8181319884504843E-01
  9.692800   1.8181403388189324E-01
  9.702400   1.8181486088653048E-01
  9.712000   1.8181567993620384E-01
  9.721600   1.8181649110741455E-01
  9.731200   1.8181729447592840E-01
  9.740800   1.8181809011678293E-01
  9.750400   1.8181887810429440E-01
  9.760000   1.8181965851206464E-01
  9.769600   1.8182043141298801E-01
  9.779200   1.8182119687925818E-01
  9.788800   1.8182195498237474E-01
  9.798400   1.8182270579315005E-01
  9.808000   1.8182344938171571E-01
  9.817600   1.8182418581752910E-01
  9.827200   1.8182491516937999E-01
  9.836800   1.8182563750539676E-01
  9.846400   1.8182635289305291E-01
  9.856000   1.8182706139917323E-01
  9.865600   1.8182776308994020E-01
  9.875200   1.8182845803089989E-01
  9.884800   1.8182914628696839E-01
  9.894400   1.8182982792243763E-01
  9.904000   1.8183050300098141E-01
  9.913600   1.8183117158566151E-01
  9.923200   1.8183183373893327E-01
  9.932800   1.8183248952265171E-01
  9.942400   1.8183313899807715E-01
  9.952000   1.8183378222588092E-01
  9.961600   1.8183441926615107E-01
  9.971200   1.8183505017839788E-01
  9.980800   1.8183567502155956E-01
  9.990400   1.8183629385400762E-01
