 0   0  1.000  1.000E-06   0.400   1.000E-06   1.000E-06
 0   0  1.000  1.000E-06   0.400   1.000E-06   1.000E-06
 0   0  1.000  1.000E-06   0.400   1.000E-06   1.000E-06
 0   0  1.000  1.000E-04   0.400   1.000E-06   1.000E-06
 0   0  1.000  1.000E-06   0.400   1.000E-06   1.000E-06
 0   0  1.000  1.000E-06   0.400   1.000E-06   1.000E-06
 0   0  1.000  1.000E-06   0.400   1.000E-06   1.000E-06
 0   0  1.000  1.000E-06   0.400   1.000E-06   1.000E-06
 0   0  1.000  1.000E-06   0.400   1.000E-06   1.000E-06
 0   0  1.000  1.000E-06   0.400   1.000E-06   1.000E-06
 0   0  1.000  1.000E-06   0.400   1.000E-06   1.000E-06
 0   0  1.000  1.000E-06   0.400   1.000E-06   1.000E-06
 0   0  1.000  1.000E-06   0.400   1.000E-06   1.000E-06
 0   0  1.000  1.000E-06   0.400   1.000E-06   1.000E-06
 0   0  1.000  1.000E-06   0.400   1.000E-06   1.000E-06
 0   0  1.000  1.000E-06   0.400   1.000E-06   1.000E-06
 0   0  1.000  1.000E-07   0.400   1.000E-06   1.000E-06
 0   0  1.000  1.000E-06   0.400   1.000E-06   1.000E-06
 0   0  1.000  1.000E-06   0.400   1.000E-06   1.000E-06
 0   0  1.000  1.000E-06   0.400   1.000E-06   1.000E-06
 0   0  1.000  1.000E-06   0.400   1.000E-06   1.000E-06
 0   0  1.000  1.000E-06   0.400   1.000E-06   1.000E-06
 0   0  1.000  1.000E-06   0.400   1.000E-06   1.000E-06
 0   0  1.000  1.000E-06   0.400   1.000E-06   1.000E-06
 0   0  1.000  1.000E-06   0.400   1.000E-06   1.000E-06
 0   0  1.000  1.000E-06   0.400   1.000E-06   1.000E-06
 0   0  1.000  1.000E-06   0.400   1.000E-06   1.000E-06
 0   0  1.000  1.000E-06   0.400   1.000E-06   1.000E-06
 0   0  1.000  1.000E-07   0.400   1.000E-06   1.000E-06
 0   0  1.000  1.000E-06   0.400   1.000E-06   1.000E-06
 0   0  1.000  1.000E-06   0.400   1.000E-06   1.000E-06
 0   0  1.000  1.000E-06   0.400   1.000E-06   1.000E-06
 0   0  1.000  1.000E-06   0.400   1.000E-06   1.000E-06
 0   0  1.000  1.000E-06   0.400   1.000E-06   1.000E-06
 0   0  1.000  1.000E-06   0.400   1.000E-06   1.000E-06
 0   0  1.000  1.000E-06   0.400   1.000E-06   1.000E-06
 0   0  1.000  1.000E-06   0.400   1.000E-06   1.000E-06
 0   0  1.000  1.000E-06   0.400   1.000E-06   1.000E-06
 0   0  1.000  1.000E-06   0.400   1.000E-06   1.000E-06
 0   0  1.000  1.000E-06   0.400   1.000E-06   1.000E-06
 0   0  1.000  1.000E-06   0.400   1.000E-06   1.000E-06
 0   0  1.000  1.000E-06   0.400   1.000E-06   1.000E-06
 0   0  1.000  1.000E-06   0.400   1.000E-06   1.000E-06
 0   0  1.000  1.000E-06   0.400   1.000E-06   1.000E-06
 0   0  1.000  1.000E-06   0.400   1.000E-06   1.000E-06
 0   0  1.000  1.000E-06   0.400   1.000E-06   1.000E-06
 0   0  1.000  1.000E-06   0.400   1.000E-06   1.000E-06
 0   0  1.000  1.000E-06   0.400   1.000E-06   1.000E-06
 0   0  1.000  1.000E-06   0.400   1.000E-06   1.000E-06
 0   0  1.000  1.000E-06   0.400   1.000E-06   1.000E-06
 0   0  1.000  1.000E-07   0.400   1.000E-06   1.000E-06
 0   0  1.000  1.000E-06   0.400   1.000E-06   1.000E-06
 0   0  1.000  1.000E-06   0.400   1.000E-06   1.000E-06
 0   0  1.000  1.000E-06   0.400   1.000E-06   1.000E-06
 0   0  1.000  1.000E-06   0.400   1.000E-06   1.000E-06
 0   0  1.000  1.000E-06   0.400   1.000E-06   1.000E-06
 0   0  1.000  1.000E-06   0.400   1.000E-06   1.000E-06
 0   0  1.000  1.000E-06   0.400   1.000E-06   1.000E-06
 0   0  1.000  1.000E-06   0.400   1.000E-06   1.000E-06
 0   0  1.000  1.000E-06   0.400   1.000E-06   1.000E-06
 0   0  1.000  1.000E-06   0.400   1.000E-06   1.000E-06
 0   0  1.000  1.000E-06   0.400   1.000E-06   1.000E-06
 0   0  1.000  1.000E-06   0.400   1.000E-06   1.000E-06
 0   0  1.000  1.000E-06   0.400   1.000E-06   1.000E-06
 0   0  1.000  1.000E-06   0.400   1.000E-06   1.000E-06
 0   0  1.000  1.000E-06   0.400   1.000E-06   1.000E-06
 0   0  1.000  1.000E-06   0.400   1.000E-06   1.000E-06
 0   0  1.000  1.000E-06   0.400   1.000E-06   1.000E-06
 0   0  1.000  1.000E-06   0.400   1.000E-06   1.000E-06
 0   0  1.000  1.000E-06   0.400   1.000E-06   1.000E-06
 0   0  1.000  1.000E-06   0.400   1.000E-06   1.000E-06
 0   0  1.000  1.000E-06   0.400   1.000E-06   1.000E-06
 0   0  1.000  1.000E-06   0.400   1.000E-06   1.000E-06
 0   0  1.000  1.000E-06   0.400   1.000E-06   1.000E-06
 0   0  1.000  1.000E-06   0.400   1.000E-06   1.000E-06
 0   0  1.000  1.000E-06   0.400   1.000E-06   1.000E-06
 0   0  1.000  1.000E-06   0.400   1.000E-06   1.000E-06
 0   0  1.000  1.000E-06   0.400   1.000E-06   1.000E-06
 0   0  1.000  1.000E-06   0.400   1.000E-06   1.000E-06
 0   0  1.000  1.000E-06   0.400   1.000E-06   1.000E-06
 0   0  1.000  1.000E-06   0.400   1.000E-06   1.000E-06
 0   0  1.000  1.000E-06   0.400   1.000E-06   1.000E-06
 0   0  1.000  1.000E-06   0.400   1.000E-06   1.000E-06
 0   0  1.000  1.000E-06   0.400   1.000E-06   1.000E-06
 0   0  1.000  1.000E-06   0.400   1.000E-06   1.000E-06
 0   0  1.000  1.000E-06   0.400   1.000E-06   1.000E-06
 0   0  1.000  1.000E-06   0.400   1.000E-06   1.000E-06
 0   0  1.000  1.000E-06   0.400   1.000E-06   1.000E-06
 0   0  1.000  1.000E-06   0.400   1.000E-06   1.000E-06
 0   0  1.000  1.000E-06   0.400   1.000E-06   1.000E-06
